1 11 99 1
3 9 98 3
5 7 97 5
7 5 96 7
9 3 95 9
11 1 94 11
13 11 93 1
15 9 92 3
17 7 91 5
19 5 90 7
21 3 89 9
23 1 88 11
25 11 87 1
27 9 86 3
29 7 85 5
31 5 84 7
33 3 83 9
35 1 82 11
37 11 81 1
39 9 80 3
41 7 79 5
43 5 78 7
45 3 77 9
47 1 76 11
49 11 75 1
51 9 74 3
53 7 73 5
55 5 72 7
57 3 71 9
59 1 70 11
61 11 69 1
63 9 68 3
65 7 67 5
67 5 66 7
69 3 65 9
71 1 64 11
73 11 63 1
75 9 62 3
77 7 61 5
79 5 60 7
81 3 59 9
83 1 58 11
85 11 57 1
87 9 56 3
89 7 55 5
91 5 54 7
93 3 53 9
95 1 52 11
97 11 51 1
99 9 50 3
2 10 1 2
4 8 2 4
6 6 3 6
8 4 4 8
10 2 5 10
12 12 6 0
14 10 7 2
16 8 8 4
18 6 9 6
20 4 10 8
22 2 11 10
24 12 12 0
26 10 13 2
28 8 14 4
30 6 15 6
32 4 16 8
34 2 17 10
36 12 18 0
38 10 19 2
40 8 20 4
42 6 21 6
44 4 22 8
46 2 23 10
48 12 24 0
50 10 25 2
52 8 26 4
54 6 27 6
56 4 28 8
58 2 29 10
60 12 30 0
62 10 31 2
64 8 32 4
66 6 33 6
68 4 34 8
70 2 35 10
72 12 36 0
74 10 37 2
76 8 38 4
78 6 39 6
80 4 40 8
82 2 41 10
84 12 42 0
86 10 43 2
88 8 44 4
90 6 45 6
92 4 46 8
94 2 47 10
96 12 48 0
98 10 49 2
